#******************************
#Please Enter 1 for BigInt Addition
#Please Enter 2 for BigInt Multiplication
#Control + C to quit
#******************************
#Please enter 2 large integers up to 1000 digits:
# + 
# Correctness Check for BigInts Variant
# Column Headers
# N     Time(T)
4    3.8e-05
8    9.6e-05
12    0.000127
16    0.000153
20    0.000177
24    0.0002
28    0.000224
32    0.000247
36    0.000271
40    0.000294
44    0.000317
48    0.000341
52    0.000364
56    0.000387
60    0.00041
64    0.000434
68    0.000457
72    0.00048
76    0.000504
80    0.000527
84    0.00055
88    0.000595
92    0.000626
96    0.000649
100    0.000673
104    0.000696
108    0.000719
112    0.000743
116    0.000766
120    0.000789
124    0.000812
128    0.000836
132    0.000859
136    0.000882
140    0.000905
144    0.000929
148    0.000952
152    0.000975
156    0.000999
160    0.001022
164    0.001045
168    0.001069
172    0.001092
176    0.001115
180    0.001139
184    0.001162
188    0.001185
192    0.001209
196    0.001281
200    0.001308
